1741406746
1741407983
1741411539
1741415456
1741418532
1741422419
1741425825
1741429598
1741432798
1741490837
1741494407
1741494534
1741497888
1741501761
1741504845
1741508834
1741508915
1741512244
1741516257
1741519210
1741533937
1741577231
1741580833
1741580932
1741584357
1741588272
1741591455
1741594451
1741595349
1741595435
1741597901
1741598728
1741601486
1741602570
1741604912
1741605704
1741609460
1741612901
1741615949
1741619655
1741620663
1741623231
1741626693
1741630530
1741633856
1741637623
1741664339
1741667569
1741667659
1741671012
1741675051
1741677977
1741680976
1741682038
1741682167
1741684414
1741685375
1741688037
